MFEM mesh v1.0

#
# MFEM Geometry Types (see fem/geom.hpp):
#
# POINT       = 0
# SEGMENT     = 1
# TRIANGLE    = 2
# SQUARE      = 3
# TETRAHEDRON = 4
# CUBE        = 5
# PRISM       = 6
# PYRAMID     = 7
#

dimension
3

elements
448
1 5 0 79 281 82 87 282 461 285
1 5 79 16 80 281 282 88 283 461
1 5 281 80 48 81 461 283 89 284
1 5 82 281 81 19 285 461 284 90
1 5 87 282 461 285 24 83 286 86
1 5 282 88 283 461 83 49 84 286
1 5 461 283 89 284 286 84 72 85
1 5 285 461 284 90 86 286 85 52
1 5 16 91 287 80 88 288 462 283
1 5 91 1 92 287 288 97 289 462
1 5 287 92 17 93 462 289 98 290
1 5 80 287 93 48 283 462 290 89
1 5 88 288 462 283 49 94 291 84
1 5 288 97 289 462 94 25 95 291
1 5 462 289 98 290 291 95 50 96
1 5 283 462 290 89 84 291 96 72
1 5 48 93 292 101 89 290 463 295
1 5 93 17 99 292 290 98 293 463
1 5 292 99 3 100 463 293 105 294
1 5 101 292 100 18 295 463 294 106
1 5 89 290 463 295 72 96 296 104
1 5 290 98 293 463 96 50 102 296
1 5 463 293 105 294 296 102 26 103
1 5 295 463 294 106 104 296 103 51
1 5 19 81 297 108 90 284 464 299
1 5 81 48 101 297 284 89 295 464
1 5 297 101 18 107 464 295 106 298
1 5 108 297 107 2 299 464 298 111
1 5 90 284 464 299 52 85 300 110
1 5 284 89 295 464 85 72 104 300
1 5 464 295 106 298 300 104 51 109
1 5 299 464 298 111 110 300 109 27
1 5 24 83 286 86 116 301 465 304
1 5 83 49 84 286 301 117 302 465
1 5 286 84 72 85 465 302 118 303
1 5 86 286 85 52 304 465 303 119
1 5 116 301 465 304 4 112 305 115
1 5 301 117 302 465 112 20 113 305
1 5 465 302 118 303 305 113 53 114
1 5 304 465 303 119 115 305 114 23
1 5 49 94 291 84 117 306 466 302
1 5 94 25 95 291 306 123 307 466
1 5 291 95 50 96 466 307 124 308
1 5 84 291 96 72 302 466 308 118
1 5 117 306 466 302 20 120 309 113
1 5 306 123 307 466 120 5 121 309
1 5 466 307 124 308 309 121 21 122
1 5 302 466 308 118 113 309 122 53
1 5 72 96 296 104 118 308 467 312
1 5 96 50 102 296 308 124 310 467
1 5 296 102 26 103 467 310 128 311
1 5 104 296 103 51 312 467 311 129
1 5 118 308 467 312 53 122 313 127
1 5 308 124 310 467 122 21 125 313
1 5 467 310 128 311 313 125 7 126
1 5 312 467 311 129 127 313 126 22
1 5 52 85 300 110 119 303 468 315
1 5 85 72 104 300 303 118 312 468
1 5 300 104 51 109 468 312 129 314
1 5 110 300 109 27 315 468 314 132
1 5 119 303 468 315 23 114 316 131
1 5 303 118 312 468 114 53 127 316
1 5 468 312 129 314 316 127 22 130
1 5 315 468 314 132 131 316 130 6
2 5 8 133 317 136 141 318 469 321
2 5 133 28 134 317 318 142 319 469
2 5 317 134 54 135 469 319 143 320
2 5 136 317 135 31 321 469 320 144
2 5 141 318 469 321 32 137 322 140
2 5 318 142 319 469 137 55 138 322
2 5 469 319 143 320 322 138 73 139
2 5 321 469 320 144 140 322 139 58
2 5 28 145 323 134 142 324 470 319
2 5 145 9 146 323 324 151 325 470
2 5 323 146 29 147 470 325 152 326
2 5 134 323 147 54 319 470 326 143
2 5 142 324 470 319 55 148 327 138
2 5 324 151 325 470 148 33 149 327
2 5 470 325 152 326 327 149 56 150
2 5 319 470 326 143 138 327 150 73
2 5 54 147 328 155 143 326 471 331
2 5 147 29 153 328 326 152 329 471
2 5 328 153 11 154 471 329 159 330
2 5 155 328 154 30 331 471 330 160
2 5 143 326 471 331 73 150 332 158
2 5 326 152 329 471 150 56 156 332
2 5 471 329 159 330 332 156 34 157
2 5 331 471 330 160 158 332 157 57
2 5 31 135 333 162 144 320 472 335
2 5 135 54 155 333 320 143 331 472
2 5 333 155 30 161 472 331 160 334
2 5 162 333 161 10 335 472 334 165
2 5 144 320 472 335 58 139 336 164
2 5 320 143 331 472 139 73 158 336
2 5 472 331 160 334 336 158 57 163
2 5 335 472 334 165 164 336 163 35
2 5 32 137 322 140 166 337 473 340
2 5 137 55 138 322 337 167 338 473
2 5 322 138 73 139 473 338 168 339
2 5 140 322 139 58 340 473 339 169
2 5 166 337 473 340 0 79 281 82
2 5 337 167 338 473 79 16 80 281
2 5 473 338 168 339 281 80 48 81
2 5 340 473 339 169 82 281 81 19
2 5 55 148 327 138 167 341 474 338
2 5 148 33 149 327 341 170 342 474
2 5 327 149 56 150 474 342 171 343
2 5 138 327 150 73 338 474 343 168
2 5 167 341 474 338 16 91 287 80
2 5 341 170 342 474 91 1 92 287
2 5 474 342 171 343 287 92 17 93
2 5 338 474 343 168 80 287 93 48
2 5 73 150 332 158 168 343 475 346
2 5 150 56 156 332 343 171 344 475
2 5 332 156 34 157 475 344 172 345
2 5 158 332 157 57 346 475 345 173
2 5 168 343 475 346 48 93 292 101
2 5 343 171 344 475 93 17 99 292
2 5 475 344 172 345 292 99 3 100
2 5 346 475 345 173 101 292 100 18
2 5 58 139 336 164 169 339 476 348
2 5 139 73 158 336 339 168 346 476
2 5 336 158 57 163 476 346 173 347
2 5 164 336 163 35 348 476 347 174
2 5 169 339 476 348 19 81 297 108
2 5 339 168 346 476 81 48 101 297
2 5 476 346 173 347 297 101 18 107
2 5 348 476 347 174 108 297 107 2
2 5 4 112 305 115 179 349 477 352
2 5 112 20 113 305 349 180 350 477
2 5 305 113 53 114 477 350 181 351
2 5 115 305 114 23 352 477 351 182
2 5 179 349 477 352 40 175 353 178
2 5 349 180 350 477 175 59 176 353
2 5 477 350 181 351 353 176 74 177
2 5 352 477 351 182 178 353 177 62
2 5 20 120 309 113 180 354 478 350
2 5 120 5 121 309 354 186 355 478
2 5 309 121 21 122 478 355 187 356
2 5 113 309 122 53 350 478 356 181
2 5 180 354 478 350 59 183 357 176
2 5 354 186 355 478 183 41 184 357
2 5 478 355 187 356 357 184 60 185
2 5 350 478 356 181 176 357 185 74
2 5 53 122 313 127 181 356 479 360
2 5 122 21 125 313 356 187 358 479
2 5 313 125 7 126 479 358 191 359
2 5 127 313 126 22 360 479 359 192
2 5 181 356 479 360 74 185 361 190
2 5 356 187 358 479 185 60 188 361
2 5 479 358 191 359 361 188 42 189
2 5 360 479 359 192 190 361 189 61
2 5 23 114 316 131 182 351 480 363
2 5 114 53 127 316 351 181 360 480
2 5 316 127 22 130 480 360 192 362
2 5 131 316 130 6 363 480 362 195
2 5 182 351 480 363 62 177 364 194
2 5 351 181 360 480 177 74 190 364
2 5 480 360 192 362 364 190 61 193
2 5 363 480 362 195 194 364 193 43
2 5 40 175 353 178 200 365 481 368
2 5 175 59 176 353 365 201 366 481
2 5 353 176 74 177 481 366 202 367
2 5 178 353 177 62 368 481 367 203
2 5 200 365 481 368 12 196 369 199
2 5 365 201 366 481 196 36 197 369
2 5 481 366 202 367 369 197 63 198
2 5 368 481 367 203 199 369 198 39
2 5 59 183 357 176 201 370 482 366
2 5 183 41 184 357 370 207 371 482
2 5 357 184 60 185 482 371 208 372
2 5 176 357 185 74 366 482 372 202
2 5 201 370 482 366 36 204 373 197
2 5 370 207 371 482 204 13 205 373
2 5 482 371 208 372 373 205 37 206
2 5 366 482 372 202 197 373 206 63
2 5 74 185 361 190 202 372 483 376
2 5 185 60 188 361 372 208 374 483
2 5 361 188 42 189 483 374 212 375
2 5 190 361 189 61 376 483 375 213
2 5 202 372 483 376 63 206 377 211
2 5 372 208 374 483 206 37 209 377
2 5 483 374 212 375 377 209 15 210
2 5 376 483 375 213 211 377 210 38
2 5 62 177 364 194 203 367 484 379
2 5 177 74 190 364 367 202 376 484
2 5 364 190 61 193 484 376 213 378
2 5 194 364 193 43 379 484 378 216
2 5 203 367 484 379 39 198 380 215
2 5 367 202 376 484 198 63 211 380
2 5 484 376 213 378 380 211 38 214
2 5 379 484 378 216 215 380 214 14
2 5 0 79 282 87 166 337 485 383
2 5 79 16 88 282 337 167 381 485
2 5 282 88 49 83 485 381 220 382
2 5 87 282 83 24 383 485 382 221
2 5 166 337 485 383 32 137 384 219
2 5 337 167 381 485 137 55 217 384
2 5 485 381 220 382 384 217 75 218
2 5 383 485 382 221 219 384 218 65
2 5 16 91 288 88 167 341 486 381
2 5 91 1 97 288 341 170 385 486
2 5 288 97 25 94 486 385 224 386
2 5 88 288 94 49 381 486 386 220
2 5 167 341 486 381 55 148 387 217
2 5 341 170 385 486 148 33 222 387
2 5 486 385 224 386 387 222 64 223
2 5 381 486 386 220 217 387 223 75
2 5 49 94 306 117 220 386 487 389
2 5 94 25 123 306 386 224 388 487
2 5 306 123 5 120 487 388 186 354
2 5 117 306 120 20 389 487 354 180
2 5 220 386 487 389 75 223 390 226
2 5 386 224 388 487 223 64 225 390
2 5 487 388 186 354 390 225 41 183
2 5 389 487 354 180 226 390 183 59
2 5 24 83 301 116 221 382 488 391
2 5 83 49 117 301 382 220 389 488
2 5 301 117 20 112 488 389 180 349
2 5 116 301 112 4 391 488 349 179
2 5 221 382 488 391 65 218 392 227
2 5 382 220 389 488 218 75 226 392
2 5 488 389 180 349 392 226 59 175
2 5 391 488 349 179 227 392 175 40
2 5 32 137 384 219 141 318 489 395
2 5 137 55 217 384 318 142 393 489
2 5 384 217 75 218 489 393 231 394
2 5 219 384 218 65 395 489 394 232
2 5 141 318 489 395 8 133 396 230
2 5 318 142 393 489 133 28 228 396
2 5 489 393 231 394 396 228 66 229
2 5 395 489 394 232 230 396 229 45
2 5 55 148 387 217 142 324 490 393
2 5 148 33 222 387 324 151 397 490
2 5 387 222 64 223 490 397 235 398
2 5 217 387 223 75 393 490 398 231
2 5 142 324 490 393 28 145 399 228
2 5 324 151 397 490 145 9 233 399
2 5 490 397 235 398 399 233 44 234
2 5 393 490 398 231 228 399 234 66
2 5 75 223 390 226 231 398 491 401
2 5 223 64 225 390 398 235 400 491
2 5 390 225 41 183 491 400 207 370
2 5 226 390 183 59 401 491 370 201
2 5 231 398 491 401 66 234 402 237
2 5 398 235 400 491 234 44 236 402
2 5 491 400 207 370 402 236 13 204
2 5 401 491 370 201 237 402 204 36
2 5 65 218 392 227 232 394 492 403
2 5 218 75 226 392 394 231 401 492
2 5 392 226 59 175 492 401 201 365
2 5 227 392 175 40 403 492 365 200
2 5 232 394 492 403 45 229 404 238
2 5 394 231 401 492 229 66 237 404
2 5 492 401 201 365 404 237 36 196
2 5 403 492 365 200 238 404 196 12
2 5 10 161 405 241 165 334 493 408
2 5 161 30 239 405 334 160 406 493
2 5 405 239 67 240 493 406 245 407
2 5 241 405 240 47 408 493 407 246
2 5 165 334 493 408 35 163 409 244
2 5 334 160 406 493 163 57 242 409
2 5 493 406 245 407 409 242 76 243
2 5 408 493 407 246 244 409 243 69
2 5 30 154 410 239 160 330 494 406
2 5 154 11 247 410 330 159 411 494
2 5 410 247 46 248 494 411 251 412
2 5 239 410 248 67 406 494 412 245
2 5 160 330 494 406 57 157 413 242
2 5 330 159 411 494 157 34 249 413
2 5 494 411 251 412 413 249 68 250
2 5 406 494 412 245 242 413 250 76
2 5 67 248 414 253 245 412 495 416
2 5 248 46 252 414 412 251 415 495
2 5 414 252 15 210 495 415 212 375
2 5 253 414 210 38 416 495 375 213
2 5 245 412 495 416 76 250 417 255
2 5 412 251 415 495 250 68 254 417
2 5 495 415 212 375 417 254 42 189
2 5 416 495 375 213 255 417 189 61
2 5 47 240 418 256 246 407 496 419
2 5 240 67 253 418 407 245 416 496
2 5 418 253 38 214 496 416 213 378
2 5 256 418 214 14 419 496 378 216
2 5 246 407 496 419 69 243 420 257
2 5 407 245 416 496 243 76 255 420
2 5 496 416 213 378 420 255 61 193
2 5 419 496 378 216 257 420 193 43
2 5 35 163 409 244 174 347 497 423
2 5 163 57 242 409 347 173 421 497
2 5 409 242 76 243 497 421 258 422
2 5 244 409 243 69 423 497 422 259
2 5 174 347 497 423 2 107 298 111
2 5 347 173 421 497 107 18 106 298
2 5 497 421 258 422 298 106 51 109
2 5 423 497 422 259 111 298 109 27
2 5 57 157 413 242 173 345 498 421
2 5 157 34 249 413 345 172 424 498
2 5 413 249 68 250 498 424 260 425
2 5 242 413 250 76 421 498 425 258
2 5 173 345 498 421 18 100 294 106
2 5 345 172 424 498 100 3 105 294
2 5 498 424 260 425 294 105 26 103
2 5 421 498 425 258 106 294 103 51
2 5 76 250 417 255 258 425 499 427
2 5 250 68 254 417 425 260 426 499
2 5 417 254 42 189 499 426 191 359
2 5 255 417 189 61 427 499 359 192
2 5 258 425 499 427 51 103 311 129
2 5 425 260 426 499 103 26 128 311
2 5 499 426 191 359 311 128 7 126
2 5 427 499 359 192 129 311 126 22
2 5 69 243 420 257 259 422 500 428
2 5 243 76 255 420 422 258 427 500
2 5 420 255 61 193 500 427 192 362
2 5 257 420 193 43 428 500 362 195
2 5 259 422 500 428 27 109 314 132
2 5 422 258 427 500 109 51 129 314
2 5 500 427 192 362 314 129 22 130
2 5 428 500 362 195 132 314 130 6
2 5 1 92 289 97 170 342 501 385
2 5 92 17 98 289 342 171 429 501
2 5 289 98 50 95 501 429 263 430
2 5 97 289 95 25 385 501 430 224
2 5 170 342 501 385 33 149 431 222
2 5 342 171 429 501 149 56 261 431
2 5 501 429 263 430 431 261 77 262
2 5 385 501 430 224 222 431 262 64
2 5 17 99 293 98 171 344 502 429
2 5 99 3 105 293 344 172 424 502
2 5 293 105 26 102 502 424 260 432
2 5 98 293 102 50 429 502 432 263
2 5 171 344 502 429 56 156 433 261
2 5 344 172 424 502 156 34 249 433
2 5 502 424 260 432 433 249 68 264
2 5 429 502 432 263 261 433 264 77
2 5 50 102 310 124 263 432 503 434
2 5 102 26 128 310 432 260 426 503
2 5 310 128 7 125 503 426 191 358
2 5 124 310 125 21 434 503 358 187
2 5 263 432 503 434 77 264 435 265
2 5 432 260 426 503 264 68 254 435
2 5 503 426 191 358 435 254 42 188
2 5 434 503 358 187 265 435 188 60
2 5 25 95 307 123 224 430 504 388
2 5 95 50 124 307 430 263 434 504
2 5 307 124 21 121 504 434 187 355
2 5 123 307 121 5 388 504 355 186
2 5 224 430 504 388 64 262 436 225
2 5 430 263 434 504 262 77 265 436
2 5 504 434 187 355 436 265 60 184
2 5 388 504 355 186 225 436 184 41
2 5 33 149 431 222 151 325 505 397
2 5 149 56 261 431 325 152 437 505
2 5 431 261 77 262 505 437 268 438
2 5 222 431 262 64 397 505 438 235
2 5 151 325 505 397 9 146 439 233
2 5 325 152 437 505 146 29 266 439
2 5 505 437 268 438 439 266 70 267
2 5 397 505 438 235 233 439 267 44
2 5 56 156 433 261 152 329 506 437
2 5 156 34 249 433 329 159 411 506
2 5 433 249 68 264 506 411 251 440
2 5 261 433 264 77 437 506 440 268
2 5 152 329 506 437 29 153 441 266
2 5 329 159 411 506 153 11 247 441
2 5 506 411 251 440 441 247 46 269
2 5 437 506 440 268 266 441 269 70
2 5 77 264 435 265 268 440 507 442
2 5 264 68 254 435 440 251 415 507
2 5 435 254 42 188 507 415 212 374
2 5 265 435 188 60 442 507 374 208
2 5 268 440 507 442 70 269 443 270
2 5 440 251 415 507 269 46 252 443
2 5 507 415 212 374 443 252 15 209
2 5 442 507 374 208 270 443 209 37
2 5 64 262 436 225 235 438 508 400
2 5 262 77 265 436 438 268 442 508
2 5 436 265 60 184 508 442 208 371
2 5 225 436 184 41 400 508 371 207
2 5 235 438 508 400 44 267 444 236
2 5 438 268 442 508 267 70 270 444
2 5 508 442 208 371 444 270 37 205
2 5 400 508 371 207 236 444 205 13
2 5 0 87 285 82 166 383 509 340
2 5 87 24 86 285 383 221 445 509
2 5 285 86 52 90 509 445 273 446
2 5 82 285 90 19 340 509 446 169
2 5 166 383 509 340 32 219 447 140
2 5 383 221 445 509 219 65 271 447
2 5 509 445 273 446 447 271 78 272
2 5 340 509 446 169 140 447 272 58
2 5 24 116 304 86 221 391 510 445
2 5 116 4 115 304 391 179 352 510
2 5 304 115 23 119 510 352 182 448
2 5 86 304 119 52 445 510 448 273
2 5 221 391 510 445 65 227 449 271
2 5 391 179 352 510 227 40 178 449
2 5 510 352 182 448 449 178 62 274
2 5 445 510 448 273 271 449 274 78
2 5 52 119 315 110 273 448 511 450
2 5 119 23 131 315 448 182 363 511
2 5 315 131 6 132 511 363 195 428
2 5 110 315 132 27 450 511 428 259
2 5 273 448 511 450 78 274 451 275
2 5 448 182 363 511 274 62 194 451
2 5 511 363 195 428 451 194 43 257
2 5 450 511 428 259 275 451 257 69
2 5 19 90 299 108 169 446 512 348
2 5 90 52 110 299 446 273 450 512
2 5 299 110 27 111 512 450 259 423
2 5 108 299 111 2 348 512 423 174
2 5 169 446 512 348 58 272 452 164
2 5 446 273 450 512 272 78 275 452
2 5 512 450 259 423 452 275 69 244
2 5 348 512 423 174 164 452 244 35
2 5 32 219 447 140 141 395 513 321
2 5 219 65 271 447 395 232 453 513
2 5 447 271 78 272 513 453 278 454
2 5 140 447 272 58 321 513 454 144
2 5 141 395 513 321 8 230 455 136
2 5 395 232 453 513 230 45 276 455
2 5 513 453 278 454 455 276 71 277
2 5 321 513 454 144 136 455 277 31
2 5 65 227 449 271 232 403 514 453
2 5 227 40 178 449 403 200 368 514
2 5 449 178 62 274 514 368 203 456
2 5 271 449 274 78 453 514 456 278
2 5 232 403 514 453 45 238 457 276
2 5 403 200 368 514 238 12 199 457
2 5 514 368 203 456 457 199 39 279
2 5 453 514 456 278 276 457 279 71
2 5 78 274 451 275 278 456 515 458
2 5 274 62 194 451 456 203 379 515
2 5 451 194 43 257 515 379 216 419
2 5 275 451 257 69 458 515 419 246
2 5 278 456 515 458 71 279 459 280
2 5 456 203 379 515 279 39 215 459
2 5 515 379 216 419 459 215 14 256
2 5 458 515 419 246 280 459 256 47
2 5 58 272 452 164 144 454 516 335
2 5 272 78 275 452 454 278 458 516
2 5 452 275 69 244 516 458 246 408
2 5 164 452 244 35 335 516 408 165
2 5 144 454 516 335 31 277 460 162
2 5 454 278 458 516 277 71 280 460
2 5 516 458 246 408 460 280 47 241
2 5 335 516 408 165 162 460 241 10

boundary
96
1 3 12 196 369 199
1 3 196 36 197 369
1 3 369 197 63 198
1 3 199 369 198 39
1 3 36 204 373 197
1 3 204 13 205 373
1 3 373 205 37 206
1 3 197 373 206 63
1 3 63 206 377 211
1 3 206 37 209 377
1 3 377 209 15 210
1 3 211 377 210 38
1 3 39 198 380 215
1 3 198 63 211 380
1 3 380 211 38 214
1 3 215 380 214 14
1 3 13 236 444 205
1 3 236 44 267 444
1 3 444 267 70 270
1 3 205 444 270 37
1 3 44 233 439 267
1 3 233 9 146 439
1 3 439 146 29 266
1 3 267 439 266 70
1 3 70 266 441 269
1 3 266 29 153 441
1 3 441 153 11 247
1 3 269 441 247 46
1 3 37 270 443 209
1 3 270 70 269 443
1 3 443 269 46 252
1 3 209 443 252 15
1 3 9 145 323 146
1 3 145 28 134 323
1 3 323 134 54 147
1 3 146 323 147 29
1 3 28 133 317 134
1 3 133 8 136 317
1 3 317 136 31 135
1 3 134 317 135 54
1 3 54 135 333 155
1 3 135 31 162 333
1 3 333 162 10 161
1 3 155 333 161 30
1 3 29 147 328 153
1 3 147 54 155 328
1 3 328 155 30 154
1 3 153 328 154 11
1 3 8 230 455 136
1 3 230 45 276 455
1 3 455 276 71 277
1 3 136 455 277 31
1 3 45 238 457 276
1 3 238 12 199 457
1 3 457 199 39 279
1 3 276 457 279 71
1 3 71 279 459 280
1 3 279 39 215 459
1 3 459 215 14 256
1 3 280 459 256 47
1 3 31 277 460 162
1 3 277 71 280 460
1 3 460 280 47 241
1 3 162 460 241 10
1 3 8 133 396 230
1 3 133 28 228 396
1 3 396 228 66 229
1 3 230 396 229 45
1 3 28 145 399 228
1 3 145 9 233 399
1 3 399 233 44 234
1 3 228 399 234 66
1 3 66 234 402 237
1 3 234 44 236 402
1 3 402 236 13 204
1 3 237 402 204 36
1 3 45 229 404 238
1 3 229 66 237 404
1 3 404 237 36 196
1 3 238 404 196 12
1 3 14 214 418 256
1 3 214 38 253 418
1 3 418 253 67 240
1 3 256 418 240 47
1 3 38 210 414 253
1 3 210 15 252 414
1 3 414 252 46 248
1 3 253 414 248 67
1 3 67 248 410 239
1 3 248 46 247 410
1 3 410 247 11 154
1 3 239 410 154 30
1 3 47 240 405 241
1 3 240 67 239 405
1 3 405 239 30 161
1 3 241 405 161 10

vertices
517

nodes
FiniteElementSpace
FiniteElementCollection: H1_3D_P2
VDim: 3
Ordering: 0

-0.057735
0.057735
-0.057735
0.057735
-0.057735
0.057735
-0.057735
0.057735
-0.57735
0.57735
-0.57735
0.57735
-0.57735
0.57735
-0.57735
0.57735
0
0.0707107
0
-0.0707107
0
0.0707107
0
-0.0707107
-0.0707107
0.0707107
0.0707107
-0.0707107
0
0.707107
0
-0.707107
-0.317543
0.317543
0.317543
-0.317543
0
0.707107
0
-0.707107
-0.317543
0.317543
0.317543
-0.317543
0.707107
-0.707107
0.707107
-0.707107
0
0
0.1
0
-0.1
0
0
0
0.388909
0
-0.388909
0
0.388909
0
-0.388909
0
0.388909
-0.388909
0
0
0.388909
-0.388909
1
-1
0
0
0
0
0
0.55
-0.55
-0.0281085
0
-0.0382683
-0.0678598
-0.0382683
0
-0.05
-0.092388
-0.0678598
0
0
-0.092388
0.0281085
0.0678598
0.0382683
0.0382683
0.092388
0.05
0.0678598
0.092388
0.0678598
0.0281085
0
0.092388
0.0382683
0
0.0678598
0
-0.0281085
-0.0678598
-0.0382683
-0.092388
-0.0678598
-0.0281085
0
-0.0382683
-0.0678598
-0.0678598
0
0
-0.092388
0.0281085
0.0678598
0.0382683
0.0678598
0.092388
0.0678598
0.0281085
0
0.0678598
0
-0.0281085
-0.0678598
-0.0678598
-0.281085
0
-0.382683
-0.678598
-0.154597
0
-0.210476
-0.373229
-0.447446
0
0
-0.548008
0.281085
0.678598
0.382683
0.154597
0.373229
0.210476
0.447446
0.548008
0.678598
0.281085
0
0.373229
0.154597
0
0.447446
0
-0.281085
-0.678598
-0.154597
-0.373229
-0.447446
-0.187639
0
0
-0.22981
0.187639
0.22981
0.187639
0
-0.187639
-0.154597
0
-0.210476
-0.373229
-0.187639
0
0
-0.22981
0.154597
0.373229
0.210476
0.187639
0.22981
0.373229
0.154597
0
0.187639
0
-0.154597
-0.373229
-0.187639
-0.281085
0
-0.382683
-0.678598
-0.447446
0
0
-0.548008
0.281085
0.678598
0.382683
0.447446
0.548008
0.678598
0.281085
0
0.447446
0
-0.281085
-0.678598
-0.447446
0
-0.210476
-0.373229
0
-0.22981
0.373229
0.210476
0.22981
0.373229
0
-0.373229
0
-0.382683
-0.678598
0
-0.548008
0.678598
0.382683
0.548008
0.678598
0
-0.678598
0
-0.382683
-0.678598
0
-0.210476
-0.373229
0
-0.548008
0.678598
0.382683
0.373229
0.210476
0.548008
0.678598
0
0.373229
0
-0.678598
-0.373229
0
-0.22981
0.22981
0.508134
0.508134
0.325
0.508134
0.508134
0.92388
0.92388
0.775
0.92388
0.92388
-0.508134
-0.508134
-0.325
-0.508134
-0.508134
-0.92388
-0.92388
-0.775
-0.92388
-0.92388
-0.0357407
-0.0357407
0
-0.0426777
-0.0862856
-0.0426777
0.0357407
0.0357407
0.0862856
0.0426777
0.0426777
0.0357407
0.0862856
0.0357407
0
0.0426777
-0.0357407
-0.0357407
-0.0862856
-0.0426777
-0.0357407
0
-0.0426777
-0.0862856
-0.0357407
0.0357407
0.0862856
0.0426777
0.0357407
0.0862856
0.0357407
0
0.0357407
-0.0357407
-0.0862856
-0.0357407
-0.357407
-0.217841
0
-0.29658
-0.525914
-0.196574
0.357407
0.217841
0.525914
0.29658
0.196574
0.357407
0.525914
0.217841
0
0.196574
-0.357407
-0.217841
-0.525914
-0.196574
-0.0913525
0
-0.124372
-0.220544
0.0913525
0.220544
0.124372
0.220544
0.0913525
0
-0.0913525
-0.220544
-0.0913525
0
-0.124372
-0.220544
-0.196574
0.0913525
0.220544
0.124372
0.196574
0.220544
0.0913525
0
0.196574
-0.0913525
-0.220544
-0.196574
-0.217841
0
-0.29658
-0.525914
-0.357407
0.217841
0.525914
0.29658
0.357407
0.525914
0.217841
0
0.357407
-0.217841
-0.525914
-0.357407
0
-0.124372
-0.220544
-0.196574
0.220544
0.124372
0.196574
0.220544
0
0.196574
-0.220544
-0.196574
0
-0.29658
-0.525914
-0.357407
0.525914
0.29658
0.357407
0.525914
0
0.357407
-0.525914
-0.357407
-0.357407
0
-0.29658
-0.525914
-0.196574
0.357407
0.525914
0.29658
0.196574
0.357407
0.525914
0
0.196574
-0.357407
-0.525914
-0.196574
0
-0.124372
-0.220544
0.220544
0.124372
0.220544
0
-0.220544
0.300261
0.300261
0.474571
0.300261
0.474571
0.300261
0.474571
0.474571
0.716007
0.716007
0.862856
0.716007
0.862856
0.716007
0.862856
0.862856
-0.300261
-0.300261
-0.474571
-0.300261
-0.474571
-0.300261
-0.474571
-0.474571
-0.716007
-0.716007
-0.862856
-0.716007
-0.862856
-0.716007
-0.862856
-0.862856
-0.0394338
0.0394338
0.0394338
-0.0394338
-0.0394338
0.0394338
0.0394338
-0.0394338
-0.27699
0.27699
0.27699
-0.27699
-0.116157
0.116157
0.116157
-0.116157
-0.116157
0.116157
0.116157
-0.116157
-0.27699
0.27699
0.27699
-0.27699
-0.116157
0.116157
0.116157
-0.116157
-0.27699
0.27699
0.27699
-0.27699
-0.27699
0.27699
0.27699
-0.27699
-0.116157
0.116157
0.116157
-0.116157
0.280428
0.280428
0.280428
0.280428
0.668714
0.668714
0.668714
0.668714
-0.280428
-0.280428
-0.280428
-0.280428
-0.668714
-0.668714
-0.668714
-0.668714
-0.0427192
-0.0325634
-0.0525289
-0.0639338
-0.0525289
-0.0361127
-0.0607362
-0.0786151
-0.0639338
-0.0325634
-0.0361127
-0.0786151
-0.0139281
0
-0.0180744
-0.0180744
0
-0.0195271
0
0
0
-0.019509
-0.0376381
0
-0.0220671
-0.041965
0
-0.0394531
-0.055557
-0.0700215
-0.0665219
-0.0908663
-0.083147
-0.055557
-0.0394531
-0.0665219
-0.083147
-0.0700215
-0.0376381
-0.041965
-0.0908663
-0.019509
0
-0.0220671
0
0
0
-0.025
-0.048097
0
-0.048097
-0.075
-0.0980785
-0.0980785
0.0139281
0.0325634
0.0180744
0.0180744
0.0361127
0.0195271
0.0325634
0.0361127
0.0427192
0.0639338
0.0525289
0.0525289
0.0786151
0.0607362
0.0639338
0.0786151
0.0700215
0.055557
0.0376381
0.0908663
0.0665219
0.041965
0.083147
0.0394531
0.019509
0.0220671
0.019509
0.0394531
0.0220671
0.0376381
0.041965
0.055557
0.083147
0.0665219
0.0700215
0.0908663
0.0980785
0.075
0.048097
0.0980785
0.048097
0.025
0.0376381
0.0180744
0
0.041965
0.0195271
0
0.0361127
0
0.0700215
0.0525289
0.0908663
0.0607362
0.0786151
0.0639338
0.0427192
0.0325634
0.0786151
0.0525289
0.0361127
0.0639338
0.0325634
0.0139281
0
0.0180744
0
0
0.048097
0.0220671
0
0.041965
0
0.0980785
0.0665219
0.0908663
0.083147
0.055557
0.0394531
0.0700215
0.0376381
0.019509
0
0
-0.0376381
-0.0525289
-0.0700215
-0.041965
-0.0607362
-0.0908663
-0.0361127
-0.0786151
-0.0180744
-0.0195271
-0.0139281
-0.0325634
-0.0180744
-0.0361127
-0.0325634
-0.0427192
-0.0639338
-0.0525289
-0.0786151
-0.0639338
-0.048097
-0.0665219
-0.0980785
-0.041965
-0.0908663
-0.0220671
-0.019509
-0.0394531
-0.0376381
-0.055557
-0.083147
-0.0700215
-0.0525289
-0.0361127
-0.0607362
-0.0786151
-0.0700215
-0.0376381
-0.041965
-0.0908663
-0.0180744
0
-0.0195271
0
0
0
-0.0220671
-0.041965
0
-0.048097
-0.0665219
-0.0908663
-0.0980785
-0.0427192
-0.0325634
-0.0525289
-0.0639338
-0.0639338
-0.0325634
-0.0361127
-0.0786151
-0.0139281
0
-0.0180744
0
0
0
-0.019509
-0.0376381
0
-0.0394531
-0.055557
-0.0700215
-0.083147
0.0180744
0.0361127
0.0195271
0.0376381
0.041965
0.0525289
0.0786151
0.0607362
0.0700215
0.0908663
0.0908663
0.0665219
0.041965
0.0980785
0.048097
0.0220671
0.0139281
0.0325634
0.0180744
0.0325634
0.0361127
0.0427192
0.0639338
0.0525289
0.0639338
0.0786151
0.0700215
0.055557
0.0376381
0.083147
0.0394531
0.019509
0.041965
0.0195271
0
0.041965
0
0.0908663
0.0607362
0.0908663
0.0786151
0.0525289
0.0361127
0.0700215
0.0376381
0.0180744
0
0
0.0376381
0.0180744
0
0.0361127
0
0.0700215
0.0525289
0.0786151
0.0639338
0.0427192
0.0325634
0.0639338
0.0325634
0.0139281
0
0
-0.041965
-0.0607362
-0.0908663
-0.041965
-0.0908663
-0.0195271
-0.0180744
-0.0361127
-0.0376381
-0.0525289
-0.0786151
-0.0700215
-0.0376381
-0.0525289
-0.0700215
-0.0361127
-0.0786151
-0.0180744
-0.0139281
-0.0325634
-0.0325634
-0.0427192
-0.0639338
-0.0639338
-0.427192
-0.325634
-0.525289
-0.639338
-0.331074
-0.252367
-0.407099
-0.495487
-0.512398
-0.249463
-0.317198
-0.602256
-0.139281
0
-0.180744
-0.107943
0
-0.140077
0
0
0
-0.19509
-0.376381
0
-0.151195
-0.291695
0
-0.339632
-0.55557
-0.700215
-0.430567
-0.542666
-0.627557
-0.234956
-0.179099
-0.288909
-0.351636
-0.382495
-0.186219
-0.236782
-0.449571
-0.0766047
0
-0.0994094
0
0
0
-0.1073
-0.207009
0
-0.253528
-0.305564
-0.385118
-0.468458
0.139281
0.325634
0.180744
0.107943
0.252367
0.140077
0.249463
0.317198
0.427192
0.639338
0.525289
0.331074
0.495487
0.407099
0.512398
0.602256
0.700215
0.55557
0.376381
0.542666
0.430567
0.291695
0.627557
0.339632
0.19509
0.151195
0.0766047
0.179099
0.0994094
0.186219
0.236782
0.234956
0.351636
0.288909
0.382495
0.449571
0.385118
0.305564
0.207009
0.468458
0.253528
0.1073
0.376381
0.180744
0
0.291695
0.140077
0
0.317198
0
0.700215
0.525289
0.542666
0.407099
0.602256
0.639338
0.427192
0.325634
0.495487
0.331074
0.252367
0.512398
0.249463
0.139281
0
0.107943
0
0
0.207009
0.0994094
0
0.236782
0
0.385118
0.288909
0.449571
0.351636
0.234956
0.179099
0.382495
0.186219
0.0766047
0
0
-0.376381
-0.525289
-0.700215
-0.291695
-0.407099
-0.542666
-0.317198
-0.602256
-0.180744
-0.140077
-0.139281
-0.325634
-0.107943
-0.252367
-0.249463
-0.427192
-0.639338
-0.331074
-0.495487
-0.512398
-0.207009
-0.288909
-0.385118
-0.236782
-0.449571
-0.0994094
-0.0766047
-0.179099
-0.186219
-0.234956
-0.351636
-0.382495
-0.138837
-0.105831
-0.170719
-0.207785
-0.252591
-0.122975
-0.156365
-0.296887
-0.0452664
0
-0.0587419
0
0
0
-0.0634044
-0.122324
0
-0.167424
-0.18056
-0.22757
-0.309359
-0.122687
-0.0597305
-0.0759489
-0.144202
0
0
0
-0.0813202
-0.15026
0.0452664
0.105831
0.0587419
0.122975
0.156365
0.138837
0.207785
0.170719
0.252591
0.296887
0.22757
0.18056
0.122324
0.309359
0.167424
0.0634044
0.0597305
0.0759489
0.122687
0.144202
0.15026
0.0813202
0.122324
0.0587419
0
0.156365
0
0.22757
0.170719
0.296887
0.207785
0.138837
0.105831
0.252591
0.122975
0.0452664
0
0
0.0759489
0
0.144202
0.122687
0.0597305
0
-0.122324
-0.170719
-0.22757
-0.156365
-0.296887
-0.0587419
-0.0452664
-0.105831
-0.122975
-0.138837
-0.207785
-0.252591
-0.0759489
-0.144202
-0.0597305
-0.122687
-0.138837
-0.105831
-0.170719
-0.207785
-0.122687
-0.0597305
-0.0759489
-0.144202
-0.0452664
0
-0.0587419
0
0
0
-0.0634044
-0.122324
0
-0.0813202
-0.18056
-0.22757
-0.15026
-0.234956
-0.179099
-0.288909
-0.351636
-0.252591
-0.122975
-0.156365
-0.296887
-0.0766047
0
-0.0994094
0
0
0
-0.1073
-0.207009
0
-0.167424
-0.305564
-0.385118
-0.309359
0.0452664
0.105831
0.0587419
0.0597305
0.0759489
0.138837
0.207785
0.170719
0.122687
0.144202
0.22757
0.18056
0.122324
0.15026
0.0813202
0.0634044
0.0766047
0.179099
0.0994094
0.122975
0.156365
0.234956
0.351636
0.288909
0.252591
0.296887
0.385118
0.305564
0.207009
0.309359
0.167424
0.1073
0.122324
0.0587419
0
0.0759489
0
0.22757
0.170719
0.144202
0.207785
0.138837
0.105831
0.122687
0.0597305
0.0452664
0
0
0.207009
0.0994094
0
0.156365
0
0.385118
0.288909
0.296887
0.351636
0.234956
0.179099
0.252591
0.122975
0.0766047
0
0
-0.122324
-0.170719
-0.22757
-0.0759489
-0.144202
-0.0587419
-0.0452664
-0.105831
-0.0597305
-0.138837
-0.207785
-0.122687
-0.207009
-0.288909
-0.385118
-0.156365
-0.296887
-0.0994094
-0.0766047
-0.179099
-0.122975
-0.234956
-0.351636
-0.252591
-0.331074
-0.252367
-0.407099
-0.495487
-0.382495
-0.186219
-0.236782
-0.449571
-0.107943
0
-0.140077
0
0
0
-0.151195
-0.291695
0
-0.253528
-0.430567
-0.542666
-0.468458
-0.427192
-0.325634
-0.525289
-0.639338
-0.512398
-0.249463
-0.317198
-0.602256
-0.139281
0
-0.180744
0
0
0
-0.19509
-0.376381
0
-0.339632
-0.55557
-0.700215
-0.627557
0.107943
0.252367
0.140077
0.186219
0.236782
0.331074
0.495487
0.407099
0.382495
0.449571
0.542666
0.430567
0.291695
0.468458
0.253528
0.151195
0.139281
0.325634
0.180744
0.249463
0.317198
0.427192
0.639338
0.525289
0.512398
0.602256
0.700215
0.55557
0.376381
0.627557
0.339632
0.19509
0.291695
0.140077
0
0.236782
0
0.542666
0.407099
0.449571
0.495487
0.331074
0.252367
0.382495
0.186219
0.107943
0
0
0.376381
0.180744
0
0.317198
0
0.700215
0.525289
0.602256
0.639338
0.427192
0.325634
0.512398
0.249463
0.139281
0
0
-0.291695
-0.407099
-0.542666
-0.236782
-0.449571
-0.140077
-0.107943
-0.252367
-0.186219
-0.331074
-0.495487
-0.382495
-0.376381
-0.525289
-0.700215
-0.317198
-0.602256
-0.180744
-0.139281
-0.325634
-0.249463
-0.427192
-0.639338
-0.512398
-0.105831
-0.170719
-0.207785
-0.0759489
-0.144202
0
-0.0587419
0
0
-0.0634044
-0.122324
0
-0.0813202
-0.18056
-0.22757
-0.15026
-0.179099
-0.288909
-0.351636
-0.156365
-0.296887
0
-0.0994094
0
0
-0.1073
-0.207009
0
-0.167424
-0.305564
-0.385118
-0.309359
0.105831
0.0587419
0.0759489
0.207785
0.170719
0.144202
0.22757
0.18056
0.122324
0.15026
0.0813202
0.0634044
0.179099
0.0994094
0.156365
0.351636
0.288909
0.296887
0.385118
0.305564
0.207009
0.309359
0.167424
0.1073
0.122324
0.0587419
0
0.0759489
0
0.22757
0.170719
0.144202
0.207785
0.105831
0
0.207009
0.0994094
0
0.156365
0
0.385118
0.288909
0.296887
0.351636
0.179099
0
-0.122324
-0.170719
-0.22757
-0.0759489
-0.144202
-0.0587419
-0.105831
-0.207785
-0.207009
-0.288909
-0.385118
-0.156365
-0.296887
-0.0994094
-0.179099
-0.351636
-0.252367
-0.407099
-0.495487
-0.236782
-0.449571
0
-0.140077
0
0
-0.151195
-0.291695
0
-0.253528
-0.430567
-0.542666
-0.468458
-0.325634
-0.525289
-0.639338
-0.317198
-0.602256
0
-0.180744
0
0
-0.19509
-0.376381
0
-0.339632
-0.55557
-0.700215
-0.627557
0.252367
0.140077
0.236782
0.495487
0.407099
0.449571
0.542666
0.430567
0.291695
0.468458
0.253528
0.151195
0.325634
0.180744
0.317198
0.639338
0.525289
0.602256
0.700215
0.55557
0.376381
0.627557
0.339632
0.19509
0.291695
0.140077
0
0.236782
0
0.542666
0.407099
0.449571
0.495487
0.252367
0
0.376381
0.180744
0
0.317198
0
0.700215
0.525289
0.602256
0.639338
0.325634
0
-0.291695
-0.407099
-0.542666
-0.236782
-0.449571
-0.140077
-0.252367
-0.495487
-0.376381
-0.525289
-0.700215
-0.317198
-0.602256
-0.180744
-0.325634
-0.639338
-0.325634
-0.525289
-0.639338
-0.252367
-0.407099
-0.495487
-0.317198
-0.602256
0
-0.180744
0
-0.140077
0
0
-0.19509
-0.376381
0
-0.151195
-0.291695
0
-0.339632
-0.55557
-0.700215
-0.430567
-0.542666
-0.627557
-0.179099
-0.288909
-0.351636
-0.236782
-0.449571
0
-0.0994094
0
0
-0.1073
-0.207009
0
-0.253528
-0.305564
-0.385118
-0.468458
0.325634
0.180744
0.252367
0.140077
0.317198
0.639338
0.525289
0.495487
0.407099
0.602256
0.700215
0.55557
0.376381
0.542666
0.430567
0.291695
0.627557
0.339632
0.19509
0.151195
0.179099
0.0994094
0.236782
0.351636
0.288909
0.449571
0.385118
0.305564
0.207009
0.468458
0.253528
0.1073
0.376381
0.180744
0
0.291695
0.140077
0
0.317198
0
0.700215
0.525289
0.542666
0.407099
0.602256
0.639338
0.325634
0.495487
0.252367
0
0
0.207009
0.0994094
0
0.236782
0
0.385118
0.288909
0.449571
0.351636
0.179099
0
-0.376381
-0.525289
-0.700215
-0.291695
-0.407099
-0.542666
-0.317198
-0.602256
-0.180744
-0.140077
-0.325634
-0.252367
-0.639338
-0.495487
-0.207009
-0.288909
-0.385118
-0.236782
-0.449571
-0.0994094
-0.179099
-0.351636
-0.105831
-0.170719
-0.207785
-0.156365
-0.296887
0
-0.0587419
0
0
-0.0634044
-0.122324
0
-0.167424
-0.18056
-0.22757
-0.309359
-0.0759489
-0.144202
0
0
-0.0813202
-0.15026
0.105831
0.0587419
0.156365
0.207785
0.170719
0.296887
0.22757
0.18056
0.122324
0.309359
0.167424
0.0634044
0.0759489
0.144202
0.15026
0.0813202
0.122324
0.0587419
0
0.156365
0
0.22757
0.170719
0.296887
0.207785
0.105831
0
0.0759489
0
0.144202
-0.122324
-0.170719
-0.22757
-0.156365
-0.296887
-0.0587419
-0.105831
-0.207785
-0.0759489
-0.144202
0.255499
0.255499
0.183357
0.270228
0.295316
0.196324
0.318755
0.318755
0.295316
0.2125
0.196324
0.270228
0.432383
0.432383
0.3775
0.457308
0.499765
0.404197
0.539432
0.539432
0.499765
0.4375
0.404197
0.457308
0.255499
0.295316
0.183357
0.255499
0.270228
0.295316
0.196324
0.318755
0.432383
0.499765
0.3775
0.432383
0.457308
0.499765
0.404197
0.539432
0.295316
0.295316
0.318755
0.183357
0.196324
0.255499
0.255499
0.270228
0.499765
0.499765
0.539432
0.3775
0.404197
0.432383
0.432383
0.457308
0.295316
0.255499
0.183357
0.295316
0.255499
0.499765
0.432383
0.3775
0.499765
0.432383
0.609267
0.609267
0.571642
0.644389
0.704214
0.61207
0.760109
0.760109
0.704214
0.6625
0.61207
0.644389
0.786151
0.786151
0.765785
0.83147
0.908663
0.819943
0.980785
0.980785
0.908663
0.8875
0.819943
0.83147
0.609267
0.704214
0.571642
0.609267
0.644389
0.704214
0.61207
0.760109
0.786151
0.908663
0.765785
0.786151
0.83147
0.908663
0.819943
0.980785
0.704214
0.704214
0.760109
0.571642
0.61207
0.609267
0.609267
0.644389
0.908663
0.908663
0.980785
0.765785
0.819943
0.786151
0.786151
0.83147
0.704214
0.609267
0.571642
0.704214
0.609267
0.908663
0.786151
0.765785
0.908663
0.786151
-0.255499
-0.255499
-0.183357
-0.270228
-0.295316
-0.196324
-0.318755
-0.318755
-0.295316
-0.2125
-0.196324
-0.270228
-0.432383
-0.432383
-0.3775
-0.457308
-0.499765
-0.404197
-0.539432
-0.539432
-0.499765
-0.4375
-0.404197
-0.457308
-0.255499
-0.295316
-0.183357
-0.255499
-0.270228
-0.295316
-0.196324
-0.318755
-0.432383
-0.499765
-0.3775
-0.432383
-0.457308
-0.499765
-0.404197
-0.539432
-0.295316
-0.295316
-0.318755
-0.183357
-0.196324
-0.255499
-0.255499
-0.270228
-0.499765
-0.499765
-0.539432
-0.3775
-0.404197
-0.432383
-0.432383
-0.457308
-0.295316
-0.255499
-0.183357
-0.295316
-0.255499
-0.499765
-0.432383
-0.3775
-0.499765
-0.432383
-0.609267
-0.609267
-0.571642
-0.644389
-0.704214
-0.61207
-0.760109
-0.760109
-0.704214
-0.6625
-0.61207
-0.644389
-0.786151
-0.786151
-0.765785
-0.83147
-0.908663
-0.819943
-0.980785
-0.980785
-0.908663
-0.8875
-0.819943
-0.83147
-0.609267
-0.704214
-0.571642
-0.609267
-0.644389
-0.704214
-0.61207
-0.760109
-0.786151
-0.908663
-0.765785
-0.786151
-0.83147
-0.908663
-0.819943
-0.980785
-0.704214
-0.704214
-0.760109
-0.571642
-0.61207
-0.609267
-0.609267
-0.644389
-0.908663
-0.908663
-0.980785
-0.765785
-0.819943
-0.786151
-0.786151
-0.83147
-0.704214
-0.609267
-0.571642
-0.704214
-0.609267
-0.908663
-0.786151
-0.765785
-0.908663
-0.786151
-0.0485653
-0.0485653
-0.0317306
-0.0531461
-0.0726831
-0.0531461
-0.0163173
-0.0163173
0
-0.0182106
-0.0182106
-0.019148
0
-0.0202846
-0.0386342
-0.0214352
-0.0548124
-0.0564654
-0.0820326
-0.0651034
-0.0548124
-0.0386342
-0.0651034
-0.0820326
-0.0564654
-0.019148
0
-0.0214352
-0.0202846
0
-0.0238559
-0.0465714
-0.0238559
-0.0728437
-0.0962637
-0.0728437
0.0163173
0.0163173
0.0317306
0.0182106
0.0182106
0.0485653
0.0485653
0.0726831
0.0531461
0.0531461
0.0548124
0.0820326
0.0564654
0.0386342
0.0651034
0.019148
0.0202846
0.0214352
0.019148
0.0386342
0.0214352
0.0202846
0.0548124
0.0820326
0.0651034
0.0564654
0.0962637
0.0728437
0.0465714
0.0728437
0.0238559
0.0238559
0.019148
0.0386342
0.0182106
0
0.0214352
0.0548124
0.0820326
0.0531461
0.0651034
0.0485653
0.0726831
0.0485653
0.0317306
0.0531461
0.0163173
0.0163173
0
0.0182106
0.0465714
0.0214352
0
0.0238559
0.0962637
0.0651034
0.0728437
0.0820326
0.0548124
0.0386342
0.0564654
0.019148
0
0.0202846
-0.0548124
-0.0386342
-0.0531461
-0.0820326
-0.0651034
-0.019148
-0.0182106
-0.0214352
-0.0163173
-0.0163173
-0.0317306
-0.0182106
-0.0485653
-0.0485653
-0.0726831
-0.0531461
-0.0465714
-0.0651034
-0.0962637
-0.0728437
-0.0214352
-0.0238559
-0.019148
-0.0386342
-0.0202846
-0.0548124
-0.0820326
-0.0564654
-0.0548124
-0.0386342
-0.0651034
-0.0820326
-0.0531461
-0.019148
0
-0.0214352
-0.0182106
0
-0.0238559
-0.0465714
-0.0214352
-0.0728437
-0.0962637
-0.0651034
-0.0485653
-0.0317306
-0.0531461
-0.0726831
-0.0485653
-0.0163173
0
-0.0182106
-0.0163173
0
-0.0202846
-0.0386342
-0.019148
-0.0564654
-0.0820326
-0.0548124
0.019148
0.0386342
0.0214352
0.0182106
0.0548124
0.0820326
0.0651034
0.0531461
0.0962637
0.0728437
0.0465714
0.0651034
0.0238559
0.0214352
0.0163173
0.0317306
0.0182106
0.0163173
0.0485653
0.0726831
0.0531461
0.0485653
0.0820326
0.0564654
0.0386342
0.0548124
0.0202846
0.019148
0.0465714
0.0214352
0
0.0214352
0.0962637
0.0651034
0.0651034
0.0820326
0.0548124
0.0386342
0.0531461
0.019148
0
0.0182106
0.0386342
0.0182106
0
0.019148
0.0820326
0.0531461
0.0548124
0.0726831
0.0485653
0.0317306
0.0485653
0.0163173
0
0.0163173
-0.0465714
-0.0651034
-0.0962637
-0.0651034
-0.0214352
-0.0214352
-0.019148
-0.0386342
-0.0182106
-0.0548124
-0.0820326
-0.0531461
-0.0386342
-0.0531461
-0.0820326
-0.0548124
-0.0182106
-0.019148
-0.0163173
-0.0317306
-0.0163173
-0.0485653
-0.0726831
-0.0485653
-0.485653
-0.379133
-0.289001
-0.466194
-0.567413
-0.376381
-0.163173
-0.123612
0
-0.160411
-0.126459
-0.19148
0
-0.173143
-0.334038
-0.148397
-0.548124
-0.493069
-0.62144
-0.424796
-0.283015
-0.215733
-0.348004
-0.423562
-0.267109
-0.0922739
0
-0.119743
-0.0897451
0
-0.129247
-0.249352
-0.105314
-0.368065
-0.463892
-0.301468
0.163173
0.123612
0.289001
0.160411
0.126459
0.485653
0.379133
0.567413
0.466194
0.376381
0.548124
0.62144
0.493069
0.334038
0.424796
0.19148
0.173143
0.148397
0.0922739
0.215733
0.119743
0.0897451
0.283015
0.423562
0.348004
0.267109
0.463892
0.368065
0.249352
0.301468
0.129247
0.105314
0.19148
0.334038
0.160411
0
0.148397
0.548124
0.62144
0.466194
0.424796
0.485653
0.567413
0.379133
0.289001
0.376381
0.163173
0.123612
0
0.126459
0.249352
0.119743
0
0.105314
0.463892
0.348004
0.301468
0.423562
0.283015
0.215733
0.267109
0.0922739
0
0.0897451
-0.548124
-0.334038
-0.466194
-0.62144
-0.424796
-0.19148
-0.160411
-0.148397
-0.163173
-0.123612
-0.289001
-0.126459
-0.485653
-0.379133
-0.567413
-0.376381
-0.249352
-0.348004
-0.463892
-0.301468
-0.119743
-0.105314
-0.0922739
-0.215733
-0.0897451
-0.283015
-0.423562
-0.267109
-0.186897
-0.142465
-0.229814
-0.27971
-0.157837
-0.0609356
0
-0.0790757
-0.0530312
0
-0.085352
-0.164667
-0.0622311
-0.243062
-0.306344
-0.17814
-0.0907783
-0.0691973
-0.111624
-0.135859
-0.0295973
0
-0.0384082
0
-0.0414567
-0.0799809
-0.118059
-0.148796
0.0609356
0.142465
0.0790757
0.0530312
0.186897
0.27971
0.229814
0.157837
0.306344
0.243062
0.164667
0.17814
0.085352
0.0622311
0.0295973
0.0691973
0.0384082
0.0907783
0.135859
0.111624
0.148796
0.118059
0.0799809
0.0414567
0.164667
0.0790757
0
0.0622311
0.306344
0.229814
0.17814
0.27971
0.186897
0.142465
0.157837
0.0609356
0
0.0530312
0.0799809
0.0384082
0
0.148796
0.111624
0.135859
0.0907783
0.0691973
0.0295973
0
-0.164667
-0.229814
-0.306344
-0.17814
-0.0790757
-0.0622311
-0.0609356
-0.142465
-0.0530312
-0.186897
-0.27971
-0.157837
-0.0799809
-0.111624
-0.148796
-0.0384082
-0.0295973
-0.0691973
-0.0907783
-0.135859
-0.0907783
-0.0691973
-0.111624
-0.135859
-0.157837
-0.0295973
0
-0.0384082
-0.0530312
0
-0.0414567
-0.0799809
-0.0622311
-0.118059
-0.148796
-0.17814
-0.186897
-0.142465
-0.229814
-0.27971
-0.267109
-0.0609356
0
-0.0790757
-0.0897451
0
-0.085352
-0.164667
-0.105314
-0.243062
-0.306344
-0.301468
0.0295973
0.0691973
0.0384082
0.0530312
0.0907783
0.135859
0.111624
0.157837
0.148796
0.118059
0.0799809
0.17814
0.0414567
0.0622311
0.0609356
0.142465
0.0790757
0.0897451
0.186897
0.27971
0.229814
0.267109
0.306344
0.243062
0.164667
0.301468
0.085352
0.105314
0.0799809
0.0384082
0
0.0622311
0.148796
0.111624
0.17814
0.135859
0.0907783
0.0691973
0.157837
0.0295973
0
0.0530312
0.164667
0.0790757
0
0.105314
0.306344
0.229814
0.301468
0.27971
0.186897
0.142465
0.267109
0.0609356
0
0.0897451
-0.0799809
-0.111624
-0.148796
-0.17814
-0.0384082
-0.0622311
-0.0295973
-0.0691973
-0.0530312
-0.0907783
-0.135859
-0.157837
-0.164667
